0.5,0.7490000000000001
600000000,900000000,0.3259085000000001,0.5517599999999998,0.18229280000000003,0.4907140000000002
900000000,1200000000,0.4039200000000001,0.5517599999999998,0.1872902,0.4907140000000002
1200000000,1500000000,0.43318260000000003,0.5517599999999998,0.26382910000000004,0.4907140000000002
1207000000,1500000000,0.03247,0.08496000000000001,0.06592,0.07642
1500000000,1800000000,0.44490490000000005,0.5517599999999998,0.3061587,0.4907140000000002
1800000000,2100000000,0.45561920000000006,0.5517599999999998,0.2679699,0.4907140000000002
2100000000,2400000000,0.3928331000000001,0.5517599999999998,0.1872681,0.4907140000000002
2250000000,2400000000,0.01968,0.0125,0.01151,0.0159
2400000000,2700000000,0.4012895000000001,0.5642599999999998,0.1957699,0.5066140000000002
2700000000,3000000000,0.3798602000000001,0.5642599999999998,0.1865921000000001,0.5066140000000002
3000000000,3300000000,0.41798630000000003,0.5642599999999998,0.20188,0.5066140000000002
3300000000,3600000000,0.44448510000000013,0.5642599999999998,0.2945934,0.5066140000000002
3302000000,3600000000,0.0293,0.08496000000000001,0.06494,0.07642
3600000000,3900000000,0.45231889999999997,0.5642599999999998,0.3063909,0.5066140000000002
3900000000,4200000000,0.45682680000000003,0.5642599999999998,0.2683772,0.5066140000000002
4200000000,4500000000,0.3771214,0.5642599999999998,0.19138030000000003,0.5066140000000002
4407000000,4500000000,0.05334,0.08496000000000001,0.06567,0.07642
4500000000,4800000000,0.38288370000000005,0.5642599999999998,0.18508229999999998,0.5066140000000002
4800000000,5100000000,0.2372684000000001,0.5642599999999998,0.15809970000000007,0.5066140000000002
5100000000,5400000000,0.2412276000000001,0.5642599999999998,0.1569345,0.5066140000000002
5400000000,5700000000,0.23433210000000013,0.5642599999999998,0.1561264,0.5066140000000002
5700000000,6000000000,0.2300954000000001,0.5642599999999998,0.15592360000000002,0.5066140000000002
5829000000,6000000000,0.030789999999999998,0.08496000000000001,0.06396,0.07642
6000000000,6300000000,0.21480510000000008,0.5642599999999998,0.15685670000000004,0.5066140000000002
6300000000,6600000000,0.2190827000000001,0.5642599999999998,0.15998550000000003,0.5066140000000002
6600000000,6900000000,0.37320760000000003,0.5642599999999998,0.18632340000000003,0.5066140000000002
6900000000,7200000000,0.4080421000000002,0.5642599999999998,0.18708170000000005,0.5066140000000002
7200000000,7500000000,0.4389195000000001,0.5642599999999998,0.2560128,0.5066140000000002
7500000000,7800000000,0.44774270000000005,0.5642599999999998,0.3072923,0.5066140000000002
7800000000,8100000000,0.4553474,0.5642599999999998,0.3026526000000001,0.5066140000000002
7922000000,7930000000,0.002262,0.0125,0.0005016,0.0159
7930000000,7945000000,2.8610000000000002e-06,0.01019594,0.0,0.012969235680000002
7945000000,7953000000,0.0,0.0113472796875,0.0,0.014433739762500002
8031000000,8100000000,0.042910000000000004,0.08496000000000001,0.06627999999999999,0.07642
8100000000,8400000000,0.381123,0.5517599999999998,0.19778340000000003,0.4907140000000002
8400000000,8700000000,0.42635180000000006,0.5517599999999998,0.18970879999999996,0.4907140000000002
8700000000,9000000000,0.4379720000000001,0.5517599999999998,0.26673949999999996,0.4907140000000002
9000000000,9300000000,0.4498260000000001,0.5517599999999998,0.3091429,0.4907140000000002
9300000000,9600000000,0.45582719999999993,0.5517599999999998,0.26904589999999995,0.4907140000000002
9600000000,9900000000,0.36479680000000003,0.5517599999999998,0.1887224,0.4907140000000002
9900000000,10200000000,0.343443,0.5517599999999998,0.1870931,0.4907140000000002
10200000000,10500000000,0.32758630000000005,0.5517599999999998,0.18633810000000003,0.4907140000000002
10500000000,10800000000,0.3930279,0.5517599999999998,0.1866158,0.4907140000000002
10800000000,11100000000,0.21157680000000006,0.5517599999999998,0.18056800000000003,0.4907140000000002
11100000000,11400000000,0.19824970000000008,0.5517599999999998,0.180229,0.4907140000000002
11400000000,11700000000,0.4026152999999998,0.5517599999999998,0.213716,0.4907140000000002
11700000000,12000000000,0.4719556999999999,0.5517599999999998,0.25391519999999995,0.4907140000000002
12000000000,12300000000,0.4708252,0.5517599999999998,0.2668886,0.4907140000000002
12300000000,12600000000,0.47069949999999994,0.5517599999999998,0.27242350000000004,0.4907140000000002
12393000000,12395000000,0.0031339000000000002,0.075,0.0037584000000000003,0.0954
12395000000,12419000000,0.0011235,0.05287473697916666,0.00021071899999999995,0.0672566654375
12400000000,12419000000,4.578e-05,0.010068338815789474,0.0,0.012806926973684211
12419000000,12443000000,0.0,0.06411765349396009,0.0,0.09022765524431725
12536000000,12600000000,0.0019649999999999997,0.0125,0.001968,0.02457
12600000000,12900000000,0.4733156999999999,0.48926,0.2810254,0.41988400000000003
12900000000,13200000000,0.47394509999999995,0.48926,0.2892514,0.41988400000000003
13200000000,13500000000,0.4701674,0.48926,0.29155339999999996,0.41988400000000003
13291000000,13372000000,0.0,0.0125,0.0,0.0318
13372000000,13437000000,0.0025440000000000003,0.011496489230769232,0.002293,0.029247068603076926
13437000000,13466000000,0.0001326,0.0,0.0,0.0
13466000000,13467000000,0.0,0.0,0.0,0.0
13500000000,13800000000,0.41974019999999995,0.48926,0.27467230000000004,0.41988400000000003
13800000000,14100000000,0.4756287,0.48926,0.2561194,0.41988400000000003
14100000000,14400000000,0.44362700000000005,0.48926,0.2179644,0.41988400000000003
14380000000,14400000000,0.0,0.006248,0.0,0.002487
14400000000,14700000000,0.3562099,0.49550799999999995,0.1911644,0.42237100000000005
14418000000,14546000000,0.004524,0.006248,0.0012439999999999999,0.002487
14546000000,14559000000,0.000206,0.004812978584615385,0.0,0.0019157934923076923
14559000000,14560000000,0.0,0.0,0.0,0.0
14603000000,14621000000,0.0,0.0125,0.0,0.0318
14621000000,14685000000,0.002438,0.0125,0.0022199999999999998,0.0318
14685000000,14700000000,0.00038050000000000003,0.0125,0.0,0.0318
14700000000,15000000000,0.3649679,0.4947972583333333,0.1965643,0.43397078520000004
14703000000,14704000000,0.0,0.0125,0.0,0.0318
15000000000,15300000000,0.3438744,0.48926,0.1982984,0.41988400000000003
15300000000,15600000000,0.22888920000000001,0.48926,0.1918195,0.41988400000000003
15347000000,15480000000,0.0,0.006248,0.0,0.007118000000000002
15480000000,15600000000,0.004471,0.006248,0.001471,0.007118000000000002
15600000000,15900000000,0.2633012,0.49550799999999995,0.1945344,0.42700200000000005
15770000000,15781000000,0.0003052,0.004860343624000001,0.0,0.0055371200249090926
15781000000,15782000000,0.0,0.0,0.0,0.0
15900000000,16200000000,0.4108304,0.48926,0.2339755,0.41988400000000003
16200000000,16500000000,0.47167109999999995,0.48926,0.2702634,0.41988400000000003
16500000000,16800000000,0.4686748,0.48926000000000003,0.27925249999999996,0.41988400000000003
16561000000,16800000000,0.030119999999999997,0.08496,0.06604,0.07642
16800000000,17100000000,0.47213790000000005,0.48926,0.2844845,0.41988400000000003
17100000000,17400000000,0.47399840000000004,0.48926,0.28796839999999996,0.41988400000000003
17400000000,17700000000,0.4355177,0.48926,0.2852184,0.41988400000000003
17421000000,17700000000,0.028839999999999998,0.08496000000000001,0.06592,0.07642
17700000000,18000000000,0.4451272,0.48926,0.2534404,0.41988400000000003
18000000000,18300000000,0.44397600000000004,0.48926,0.22043040000000003,0.41988400000000003
18300000000,18600000000,0.34554029999999997,0.48926,0.1898614,0.41988400000000003
18469000000,18600000000,0.06957999999999999,0.08496000000000001,0.06604,0.07642
18600000000,18900000000,0.3540333,0.48926,0.19459739999999998,0.41988400000000003
18604000000,18900000000,0.03815,0.08496000000000001,0.0658,0.07642
18900000000,19200000000,0.2635943,0.48926,0.1924374,0.41988400000000003
19103000000,19119000000,0.0,0.02499,0.0,0.03339
19119000000,19200000000,0.03204,0.02499,0.001644,0.03339
19200000000,19500000000,0.46647039999999995,0.51425,0.25290039999999997,0.45327400000000007
19500000000,19800000000,0.47634629999999994,0.51425,0.2838344,0.45327400000000007
19672000000,19699000000,0.0,0.006248,0.0,0.002487
19699000000,19791000000,0.0007714999999999999,0.006248,0.0009880000000000002,0.002487
19791000000,19800000000,0.0002089,0.004638383992000001,0.0,0.001846296573
19800000000,20100000000,0.4764092,0.51425,0.2935624,0.45327400000000007
19805000000,19807000000,0.0,0.0,0.0,0.0
20100000000,20400000000,0.4829761,0.51425,0.2994913,0.45327400000000007
20213000000,20400000000,0.022580000000000003,0.08496000000000001,0.06567,0.07642
20400000000,20700000000,0.47527299999999995,0.51425,0.3046104,0.45327400000000007
20700000000,21000000000,0.42303080000000004,0.51425,0.2881504,0.45327400000000007
21000000000,21300000000,0.4745504,0.51425,0.2640594,0.45327400000000007
21220000000,21235000000,5.341e-05,0.021560618968,0.0,0.028807885848000002
21235000000,21236000000,0.0,0.0,0.0,0.0
21282000000,21300000000,0.0,0.09998,0.0,0.02069
21300000000,21600000000,0.4227581,0.58924,0.21337440000000005,0.440574
21396000000,21406000000,0.003159,0.09998,0.0006094,0.02069
21406000000,21418000000,0.000452,0.08925584526,0.0,0.01847072853
21412000000,21563000000,0.02475,0.08496000000000001,0.06445,0.07642
21418000000,21419000000,0.0,0.0,0.0,0.0
21563000000,21600000000,0.03864,0.08496000000000001,0.0647,0.07642
21600000000,21900000000,0.30250910000000003,0.48926,0.18789740000000002,0.41988400000000003
21773000000,21900000000,0.02301,0.08496000000000001,0.06458,0.07642
21900000000,22200000000,0.2765489,0.48926000000000003,0.1955404,0.41988400000000003
22147000000,22200000000,0.01886,0.08496,0.06482,0.07642
22200000000,22500000000,0.4586264,0.48926000000000003,0.2573673,0.41988400000000003
22372000000,22463000000,0.0,0.0125,0.0,0.0318
22446000000,22500000000,0.021330000000000002,0.08496,0.06409,0.07642
22463000000,22500000000,0.00528,0.0125,0.001423,0.0318
22500000000,22800000000,0.4737798,0.50176,0.2798164,0.45168400000000003
22739000000,22763000000,0.002876,0.0125,0.0019149999999999998,0.0318
22763000000,22774000000,0.0002604,0.011077338636363636,0.0,0.028180749490909093
22774000000,22776000000,0.0,0.0,0.0,0.0
22800000000,23100000000,0.4637998,0.48926,0.28100840000000005,0.41988400000000003
22805000000,22879000000,0.0,0.0725,0.0,0.2208
22879000000,23100000000,0.002968,0.0725,0.00605,0.2208
23100000000,23400000000,0.46850520000000007,0.5617599999999999,0.2977384,0.640684
23400000000,23700000000,0.42984110000000003,0.5617599999999999,0.29763930000000005,0.640684
23700000000,24000000000,0.4726702,0.5617599999999999,0.27570229999999996,0.640684
23782000000,24000000000,0.02655,0.08496,0.0647,0.07642
24000000000,24300000000,0.4468067,0.5617599999999999,0.24032540000000002,0.640684
24108000000,24200000000,0.0,0.03125,0.0,0.030760000000000006
24200000000,24300000000,0.031160000000000004,0.03125,0.007148999999999999,0.030760000000000006
24300000000,24600000000,0.42704539999999996,0.5930099999999999,0.2258194,0.671444
24600000000,24900000000,0.45518110000000006,0.5930099999999999,0.30118530000000004,0.671444
24888000000,24900000000,0.008926,0.03125,0.00112,0.030760000000000006
24900000000,25200000000,0.4544372000000001,0.5930099999999999,0.34458429999999995,0.671444
24975000000,24988000000,0.00026510000000000005,0.016975454326923076,0.0,0.016709279203076927
24988000000,24990000000,0.0,0.0,0.0,0.0
25200000000,25500000000,0.3850262,0.5617599999999999,0.2505274,0.640684
25500000000,25800000000,0.40149300000000004,0.5617599999999999,0.2404914,0.640684
25800000000,26100000000,0.4846403999999999,0.5617599999999999,0.28443830000000003,0.640684
25887000000,26100000000,0.03857,0.08496,0.0647,0.07642
26100000000,26400000000,0.47277389999999997,0.5617599999999999,0.29460439999999993,0.640684
26400000000,26700000000,0.47361519999999996,0.5617599999999999,0.3007084,0.640684
26700000000,27000000000,0.471042,0.5617599999999999,0.3047314,0.640684
26798000000,26874000000,0.0,0.009369,0.0,0.0636
26874000000,27000000000,0.0008955,0.009369,0.001698,0.0636
27000000000,27300000000,0.47344639999999993,0.5711289999999999,0.31012129999999993,0.704284
27046000000,27058000000,0.0002842,0.0067900016160000005,0.0,0.046092870400000006
27058000000,27059000000,0.0,0.0,0.0,0.0
27261000000,27271000000,0.004784,0.03625,0.009201,0.1104
27271000000,27283000000,0.0004625,0.032220549687499996,0.0,0.09812823959999999
27283000000,27285000000,0.0,0.03625,0.0,0.1104
27299000000,27300000000,0.0,0.0625,0.0,0.03961
27300000000,27600000000,0.36718940000000005,0.58801,0.27189539999999995,0.569894
27370000000,27600000000,0.04047,0.0625,0.005058,0.03961
27542000000,27600000000,0.022430000000000002,0.08496,0.06226,0.07642
27600000000,27900000000,0.4170909,0.5880099999999999,0.2597124,0.569894
27900000000,28200000000,0.4156203,0.5880099999999999,0.23179539999999996,0.569894
28177000000,28200000000,0.02307,0.0625,0.007529999999999999,0.03961
28200000000,28500000000,0.35889760000000004,0.5880099999999999,0.2091544,0.569894
28440000000,28500000000,0.04272,0.0625,0.008209000000000001,0.03961
28500000000,28800000000,0.35591990000000007,0.5880099999999999,0.2131284,0.569894
28800000000,29100000000,0.3729061,0.5880099999999999,0.21565040000000002,0.569894
29100000000,29400000000,0.34054799999999996,0.5880099999999999,0.21585730000000003,0.569894
29400000000,29700000000,0.28665229999999997,0.5880099999999999,0.21620140000000002,0.569894
29700000000,30000000000,0.35071949999999996,0.5880099999999999,0.24958139999999998,0.569894
30000000000,30300000000,0.4131537,0.5880099999999999,0.28594330000000007,0.569894
30259000000,30300000000,0.02335,0.08496000000000001,0.06494,0.07642
30300000000,30600000000,0.40136800000000006,0.5880099999999999,0.29333840000000005,0.569894
30522000000,30600000000,0.020419999999999997,0.0625,0.009689,0.03961
30600000000,30900000000,0.39254799999999995,0.5880099999999999,0.2981172999999999,0.569894
30900000000,31200000000,0.4092504,0.5880099999999999,0.3028682999999999,0.569894
31200000000,31500000000,0.4336841,0.5880099999999999,0.30733939999999993,0.569894
31365000000,31500000000,0.02765,0.08496000000000001,0.06494,0.07642
31500000000,31800000000,0.40545749999999997,0.5880099999999999,0.3099244,0.569894
31800000000,32100000000,0.39357459999999994,0.5880099999999999,0.28322129999999995,0.569894
32100000000,32400000000,0.3975512,0.5880099999999999,0.26715120000000003,0.569894
32400000000,32700000000,0.4152843,0.5880099999999999,0.2416282,0.569894
32499000000,32501000000,0.009415,0.0625,0.012709999999999999,0.03961
32501000000,32526000000,0.0005226,0.05229973,0.0,0.0331454768848
32526000000,32529000000,0.0,0.03748,0.0,0.02545
32558000000,32700000000,0.01486,0.0125,0.01009,0.0159
32680000000,32700000000,0.01315,0.03748,0.00103,0.02545
32700000000,33000000000,0.37670609999999993,0.57549,0.2205946,0.571634
33000000000,33300000000,0.33837920000000005,0.57549,0.21894450000000001,0.571634
33300000000,33600000000,0.37622150000000004,0.57549,0.21986440000000004,0.571634
33600000000,33900000000,0.39890670000000006,0.57549,0.23111840000000003,0.571634
33723000000,33752000000,0.0033909999999999995,0.03748,0.001152,0.02545
33752000000,33764000000,0.0001488,0.029911763546666664,8.869e-05,0.020310949366666668
33764000000,33766000000,0.0,0.0,0.0,0.0
33802000000,33900000000,0.03174,0.08496000000000001,0.06189,0.07642
33900000000,34200000000,0.46697859999999997,0.53801,0.27374640000000006,0.546184
34200000000,34500000000,0.4640998,0.50176,0.27356959999999997,0.43578400000000006
34425000000,34460000000,0.0,0.07496,0.0,0.2244
34460000000,34500000000,0.002987,0.07496,0.002889,0.2244
34500000000,34800000000,0.4678935,0.5767199999999999,0.2860917,0.660184
34800000000,35100000000,0.4698746,0.5767199999999999,0.2968767,0.660184
35100000000,35400000000,0.4264453,0.5767199999999999,0.2850597,0.660184
35400000000,35700000000,0.45852869999999996,0.5767199999999999,0.2486027,0.660184
35700000000,36000000000,0.3637135,0.5767199999999999,0.2147838,0.660184
36000000000,36300000000,0.3702273000000001,0.5767199999999999,0.2237129,0.660184
36300000000,36600000000,0.41404470000000015,0.5767199999999999,0.25645900000000005,0.660184
36491000000,36600000000,0.1157,0.08496,0.06543,0.07642
36600000000,36900000000,0.45199610000000007,0.5767199999999999,0.33341289999999996,0.660184
36894000000,36900000000,0.001181,0.03748,0.0,0.1122
36900000000,37200000000,0.424239,0.5613266516666666,0.28051400000000004,0.6141025250000001
36904000000,36922000000,0.0003948,0.03235454128666666,0.0,0.0968564443
36906000000,36907000000,0.0,0.0,0.0,0.0
36922000000,36923000000,0.0,0.0,0.0,0.0
37200000000,37500000000,0.33225689999999997,0.50176,0.1976972,0.43578400000000006
37500000000,37800000000,0.32944819999999997,0.50176,0.20056400000000002,0.43578400000000006
37727000000,37782000000,0.0,0.0625,0.0,0.0159
37782000000,37800000000,0.005058,0.0625,0.00107,0.0159
37800000000,38100000000,0.2890469,0.56426,0.213238,0.4516840000000001
38046000000,38100000000,0.01237,0.0625,0.02411,0.0159
38100000000,38400000000,0.26211229999999996,0.56426,0.21970100000000006,0.4516840000000001
38216000000,38230000000,0.0007181,0.054550955357142855,0.0,0.013877763042857143
38230000000,38231000000,0.0,0.0,0.0,0.0
38363000000,38400000000,0.08032,0.17245,0.067114,0.16391
38365000000,38394000000,0.0013476,0.03021381853448276,0.0,0.038431977175862074
38394000000,38400000000,0.0,0.04999,0.0,0.03979
38400000000,38700000000,0.2957417,0.56424,0.20499,0.46766399999999997
38409000000,38700000000,0.04205,0.08496000000000001,0.06506,0.07642
38700000000,39000000000,0.33534359999999996,0.56424,0.198664,0.46766399999999997
38701000000,39000000000,0.09368,0.09998,0.039889999999999995,0.07958
39000000000,39300000000,0.4531661,0.56424,0.2559055,0.46766399999999997
39300000000,39600000000,0.4338086,0.56424,0.25376960000000004,0.46766399999999997
39600000000,39900000000,0.4592838000000001,0.56424,0.2580639,0.46766399999999997
39900000000,40200000000,0.4677665,0.56424,0.33401800000000004,0.46766399999999997
40200000000,40500000000,0.46622739999999996,0.56424,0.368048,0.46766399999999997
40500000000,40800000000,0.4577384,0.56424,0.31538799999999995,0.46766399999999997
40800000000,41100000000,0.3678403,0.56424,0.25618199999999997,0.46766399999999997
41100000000,41400000000,0.46649670000000004,0.56424,0.305292,0.46766399999999997
41400000000,41700000000,0.47505610000000004,0.56424,0.32930200000000004,0.46766399999999997
41700000000,42000000000,0.47372010000000003,0.56424,0.33466699999999994,0.46766399999999997
42000000000,42300000000,0.47230809999999995,0.56424,0.33915199999999995,0.46766399999999997
42300000000,42600000000,0.47446900000000003,0.56424,0.343578,0.46766399999999997
42600000000,42900000000,0.45823339999999996,0.56424,0.334563,0.46766399999999997
42900000000,43200000000,0.4744162,0.56424,0.302083,0.46766399999999997
43200000000,43500000000,0.43093519999999996,0.56424,0.261273,0.46766399999999997
43370000000,43500000000,0.027280000000000002,0.0125,0.01227,0.0159
43500000000,43800000000,0.3874515,0.5767399999999999,0.24602800000000002,0.483564
43800000000,44100000000,0.39306789999999997,0.5767399999999999,0.25320700000000007,0.483564
44100000000,44400000000,0.3576048,0.5767399999999999,0.2521974,0.483564
44400000000,44700000000,0.3863398,0.5767399999999999,0.2511895,0.483564
44700000000,45000000000,0.44093439999999995,0.5767399999999999,0.3307657,0.483564
45000000000,45300000000,0.440596,0.5767399999999999,0.3556034999999999,0.483564
45065000000,45300000000,0.01648,0.0125,0.01143,0.0159
45300000000,45600000000,0.3293298,0.58924,0.24821300000000002,0.499464
45600000000,45900000000,0.3567135,0.58924,0.2396992,0.499464
45900000000,46200000000,0.38342619999999994,0.58924,0.2369729,0.499464
46200000000,46500000000,0.32680280000000006,0.58924,0.21949529999999998,0.499464
46500000000,46800000000,0.4547973000000001,0.58924,0.2685335,0.499464
46800000000,47100000000,0.4759034,0.58924,0.29477549999999997,0.499464
47100000000,47400000000,0.4759474999999999,0.58924,0.3024766,0.499464
47400000000,47700000000,0.4763428999999999,0.58924,0.3084066999999999,0.499464
47700000000,48000000000,0.4756039,0.58924,0.3118739,0.499464
48000000000,48300000000,0.43528200000000006,0.58924,0.28730880000000003,0.499464
48075000000,48300000000,0.008408,0.04999,0.007378,0.03979
48300000000,48600000000,0.4755556,0.58924,0.2579838,0.499464
48365000000,48600000000,0.0005292999999999999,0.04999,0.001066,0.03979
48600000000,48900000000,0.4392961999999999,0.58924,0.2130385,0.499464
48900000000,49200000000,0.29895479999999997,0.58924,0.18932669999999996,0.499464
49200000000,49500000000,0.45659599999999995,0.58924,0.24515849999999997,0.499464
49500000000,49800000000,0.4737179,0.58924,0.27248209999999995,0.499464
49800000000,50100000000,0.47136989999999995,0.58924,0.2798667,0.499464
50100000000,50400000000,0.47148759999999995,0.58924,0.2856542000000001,0.499464
50279000000,50297000000,0.0001659,0.013082091391666667,7.915e-05,0.010412810891666666
50280000000,50297000000,9.346e-05,0.010918695235882353,0.0,0.008690835835882354
50297000000,50318000000,0.0,0.0,0.0,0.0
50400000000,50700000000,0.4700777,0.48926,0.2858881,0.41988400000000003
50528000000,50567000000,0.0,0.03748,0.0,0.03979
50567000000,50700000000,0.007256,0.03748,0.002602,0.03979
50700000000,51000000000,0.47141409999999995,0.52674,0.29599319999999996,0.459674
51000000000,51300000000,0.4744156,0.52674,0.3017192,0.459674
51300000000,51600000000,0.4776144,0.52674,0.3035164000000001,0.459674
51427000000,51436000000,0.007843000000000001,0.03748,0.005554,0.03979
51436000000,51450000000,0.00034139999999999995,0.03362553270571428,0.0,0.035697970820714284
51450000000,51452000000,0.0,0.03748,0.0,0.03979
51466000000,51600000000,0.0004034,0.03748,0.001173,0.03979
51600000000,51900000000,0.47192010000000006,0.52674,0.29775630000000003,0.459674
51900000000,52200000000,0.4734504,0.52674,0.30500750000000004,0.459674
52200000000,52500000000,0.4745986,0.52674,0.31073759999999995,0.459674
52500000000,52800000000,0.4754079,0.52674,0.3121557,0.459674
52800000000,53100000000,0.475151,0.52674,0.31397579999999997,0.459674
53058000000,53100000000,0.0,0.009369,0.0,0.004929
53100000000,53400000000,0.4733172,0.536109,0.3184298,0.46460300000000004
53207000000,53400000000,0.001263,0.009369,0.001467,0.004929
53400000000,53700000000,0.47758020000000007,0.5329682836956962,0.3215956,0.4612687123332912
53558000000,53562000000,0.004593,0.0,0.01828,0.0
53562000000,53575000000,0.0007457999999999999,0.0,0.00044160000000000005,0.0
53575000000,53577000000,0.0,0.0,0.0,0.0
53700000000,54000000000,0.46589290000000005,0.498629,0.3028447,0.42481300000000005
53726000000,53769000000,0.0,0.02499,0.0,0.02545
53769000000,54000000000,0.005417,0.02499,0.003551,0.02545
53826000000,53828000000,0.0004607,0.025,0.0011378,0.0318
53828000000,53853000000,7.534e-05,0.0102953255,4.959e-05,0.013095654036000002
53830000000,53853000000,2.861e-05,0.010103610326086957,0.0,0.01285179233478261
53853000000,53874000000,0.0,0.047852387202380955,0.0,0.060880956521428574
53907000000,54000000000,0.0019649999999999997,0.02499,0.0009699,0.0318
54000000000,54300000000,0.4743962,0.523609,0.3126955,0.450263
54145000000,54179000000,5.341e-05,0.008462414777294118,0.0,0.0044520485043529415
54179000000,54180000000,0.0,0.0,0.0,0.0
54300000000,54600000000,0.4782294,0.5142399999999999,0.31059600000000004,0.44533399999999995
54351000000,54369000000,0.00013730000000000003,0.020852712521666664,0.0,0.021236555969444446
54369000000,54370000000,0.0,0.0,0.0,0.0
54515000000,54524000000,0.002869,0.02499,0.0037689999999999998,0.0318
54524000000,54541000000,8.106e-05,0.02269829205,0.0,0.028883781
54541000000,54542000000,0.0,0.02499,0.0,0.0318
54600000000,54900000000,0.46865260000000003,0.46425999999999995,0.302443,0.388084
54609000000,54900000000,0.007384999999999999,0.02499,0.0035740000000000004,0.0318
54900000000,55200000000,0.47554119999999994,0.48924999999999996,0.305835,0.419884
55200000000,55500000000,0.4727383,0.48924999999999996,0.306807,0.419884
55411000000,55500000000,0.0,0.018738,0.0,0.009826
55436000000,55500000000,0.0012779999999999998,0.009369,0.001265,0.004913
55465000000,55480000000,6.771e-05,0.0013750414299999998,0.0,0.0017497526
55480000000,55481000000,0.0,0.0,0.0,0.0
55500000000,55800000000,0.47159529999999994,0.482998,0.30792,0.39791
55521000000,55800000000,0.0016690000000000001,0.009369,0.001505,0.004913
55800000000,56100000000,0.4772745,0.482998,0.30961959999999994,0.39791
56099000000,56100000000,0.003532,0.009369,0.0,0.004913
56100000000,56400000000,0.47535829999999996,0.48176286666121426,0.308853,0.39726230973492854
56114000000,56116000000,0.0,0.0,0.0,0.0
56132000000,56147000000,0.0001001,0.007762784886000001,0.0,0.004070718555333333
56147000000,56148000000,0.0,0.0,0.0,0.0
56400000000,56700000000,0.4481164,0.46425999999999995,0.294788,0.388084
56700000000,57000000000,0.2855948,0.46425999999999995,0.259168,0.388084
56806000000,56830000000,0.0,0.02499,0.0,0.02145
56830000000,57000000000,0.038939999999999995,0.02499,0.005790999999999999,0.02145
57000000000,57300000000,0.41343919999999995,0.48924999999999996,0.29095099999999996,0.409534
57062000000,57280000000,0.001114,0.02499,0.001104,0.02145
57280000000,57294000000,0.00013730000000000003,0.015197236529999998,1.144e-05,0.013044446721428571
57294000000,57297000000,0.0,0.0,0.0,0.0
57297000000,57300000000,0.0,0.0,0.0,0.0
57300000000,57600000000,0.4716935,0.46425999999999995,0.29834669999999996,0.388084
57385000000,57600000000,0.0033840000000000003,0.037489999999999996,0.0044399999999999995,0.039220000000000005
57412000000,57600000000,0.0006771,0.02499,0.0008526,0.02332
57600000000,57900000000,0.4751975,0.5017499999999999,0.30585560700000003,0.427304
57793000000,57810000000,9.346e-05,0.015394275119999998,0.0,0.01436552604235294
57810000000,57811000000,0.0,0.0,0.0,0.0
57900000000,58200000000,0.4702711,0.47675999999999996,0.293719,0.403984
57918000000,57955000000,0.0,0.02499,0.0,0.02277
57955000000,58052000000,0.0005131000000000001,0.02499,0.0007838999999999999,0.02277
58052000000,58069000000,7.82e-05,0.02086157997,0.0,0.019008330368823528
58069000000,58070000000,0.0,0.0,0.0,0.0
58146000000,58200000000,0.0,0.006248,0.0,0.00795
58200000000,58500000000,0.4493274,0.483008,0.27332300000000004,0.411934
58500000000,58800000000,0.47396270000000007,0.48294007555527996,0.2603777,0.4118475724495
58600000000,58602000000,0.0,0.005141750988,0.0,0.006542400825000001
58800000000,59100000000,0.4629363,0.47675999999999996,0.2397732,0.403984
59100000000,59400000000,0.42637390000000003,0.47675999999999996,0.2336794,0.403984
59400000000,59700000000,0.40880199999999994,0.47675999999999996,0.21891960000000002,0.403984
59700000000,60000000000,0.4456745,0.47675999999999996,0.2096164,0.403984
60000000000,60300000000,0.41705200000000003,0.47675999999999996,0.19397360000000002,0.403984
60300000000,60600000000,0.27796489999999996,0.47675999999999996,0.18461260000000002,0.403984
60600000000,60900000000,0.3141744,0.47675999999999996,0.1976946,0.403984
60900000000,61200000000,0.38227099999999997,0.47675999999999996,0.19709870000000002,0.403984
61200000000,61500000000,0.4390588,0.47675999999999996,0.2060745,0.403984
61500000000,61800000000,0.45454009999999995,0.47675999999999996,0.285358,0.403984
61670000000,61800000000,0.0,0.02655,0.0,0.01865
61800000000,62100000000,0.44559970000000004,0.50307495625,0.3166961,0.42217199800500005
61939000000,62100000000,0.0006094,0.02655,0.002167,0.01865
62100000000,62400000000,0.443765,0.49080999999999997,0.26661182,0.39806400000000003
62110000000,62112000000,0.0005274,0.0,0.0135,0.0
62112000000,62128000000,0.0008335,0.0,0.0,0.0
62128000000,62129000000,0.0,0.0,0.0,0.0
62400000000,62700000000,0.2846298,0.49080999999999997,0.1700489,0.39806400000000003
62700000000,63000000000,0.2251589,0.49080999999999997,0.16373290000000004,0.39806400000000003
63000000000,63300000000,0.2999231,0.49080999999999997,0.16257799999999997,0.39806400000000003
63110000000,63126000000,6.676e-06,0.023834054475,0.0002947,0.016742188925
63126000000,63127000000,0.0,0.016980317999999998,0.0,0.011927794
63300000000,63600000000,0.27236589999999994,0.46425999999999995,0.1532789,0.37941400000000003
63600000000,63900000000,0.26568590000000003,0.46425999999999995,0.1534379,0.37941400000000003
63622000000,63900000000,0.0,0.01874,0.0,0.003109
63878000000,63900000000,0.0,0.02249,0.0,0.0575
63900000000,64200000000,0.27948779999999995,0.48674999999999996,0.1532798,0.436914
64200000000,64500000000,0.2579088,0.48674999999999996,0.15339699999999998,0.436914
64437000000,64500000000,0.027160000000000004,0.02249,0.0065840000000000004,0.0575
64500000000,64800000000,0.2532002,0.5054899999999999,0.19459890000000002,0.44002300000000005
64800000000,65100000000,0.3735793,0.5054899999999999,0.233187,0.44002300000000005
65100000000,65400000000,0.4472121,0.5054899999999999,0.24470289999999997,0.44002300000000005
65400000000,65700000000,0.44468169999999996,0.5054899999999999,0.240477,0.44002300000000005
65700000000,66000000000,0.42746229999999996,0.5054899999999999,0.2413519,0.44002300000000005
66000000000,66300000000,0.4544839,0.5054899999999999,0.2441848,0.44002300000000005
66300000000,66600000000,0.46630629999999995,0.5054899999999999,0.2670938,0.44002300000000005
66600000000,66900000000,0.47150020000000004,0.5054899999999999,0.34530099999999997,0.44002300000000005
66900000000,67200000000,0.4712769,0.5054899999999999,0.35975290000000004,0.44002300000000005
67200000000,67500000000,0.4706926,0.5054899999999999,0.32253860000000006,0.44002300000000005
67500000000,67800000000,0.4495321,0.5054899999999999,0.24677380000000004,0.44002300000000005
67800000000,68100000000,0.45811900000000005,0.5054899999999999,0.24526,0.44002300000000005
68100000000,68400000000,0.4387014999999999,0.5054899999999999,0.24466190000000002,0.44002300000000005
68400000000,68700000000,0.46270110000000003,0.5054899999999999,0.252305,0.44002300000000005
68700000000,69000000000,0.470615,0.5054899999999999,0.33381189999999994,0.44002300000000005
69000000000,69300000000,0.46908000000000005,0.5054899999999999,0.36186499999999994,0.44002300000000005
69300000000,69600000000,0.464804,0.5054899999999999,0.313756,0.44002300000000005
69600000000,69900000000,0.3715679,0.5054899999999999,0.22185410000000003,0.44002300000000005
69900000000,70200000000,0.369858,0.5054899999999999,0.21767599999999998,0.44002300000000005
70200000000,70500000000,0.371016,0.5054899999999999,0.2157331,0.44002300000000005
70500000000,70800000000,0.3761264,0.5054899999999999,0.21565910000000002,0.44002300000000005
70800000000,71100000000,0.38576299999999997,0.5054899999999999,0.21537720000000002,0.44002300000000005
71100000000,71400000000,0.3846082999999999,0.5054899999999999,0.21562910000000002,0.44002300000000005
71400000000,71700000000,0.3780802,0.5054899999999999,0.2158622,0.44002300000000005
71700000000,72000000000,0.37224159999999995,0.5054899999999999,0.21599810000000003,0.44002300000000005
72000000000,72300000000,0.4426483,0.5054899999999999,0.23233720000000002,0.44002300000000005
72300000000,72600000000,0.4532821,0.5054899999999999,0.2493981,0.44002300000000005
72392000000,72555000000,0.0,0.03125,0.0,0.009323
72555000000,72600000000,0.001181,0.03125,0.001146,0.009323
72600000000,72900000000,0.43937640000000006,0.5367399999999999,0.2478282,0.4493460000000001
72900000000,73200000000,0.4476074,0.5367399999999999,0.2547482,0.4493460000000001
73200000000,73500000000,0.46458879999999997,0.5367399999999999,0.25038430000000006,0.4493460000000001
73500000000,73800000000,0.422905,0.5142499999999999,0.19326410000000002,0.3918460000000001
73683000000,73697000000,0.001755,0.026824620535714286,0.0,0.008002749992142857
73697000000,73699000000,0.0,0.0,0.0,0.0
73800000000,74100000000,0.3957169,0.48299999999999993,0.1836713,0.38252300000000006
73917000000,73937000000,0.0,0.02563,0.0,0.0575
73937000000,74100000000,0.0007247999999999999,0.02563,0.002457,0.0575
74100000000,74400000000,0.4059705,0.5086299999999999,0.18524720000000003,0.44002300000000005
74400000000,74700000000,0.4146936,0.48299999999999993,0.18149530000000003,0.38252300000000006
74473000000,74515000000,0.0,0.02563,0.0,0.0575
74515000000,74700000000,0.0007667999999999999,0.02563,0.002274,0.0575
74700000000,75000000000,0.459805,0.5086299999999999,0.23273719999999998,0.44002300000000005
75000000000,75300000000,0.4704283,0.5086299999999999,0.31381630000000005,0.44002300000000005
75300000000,75600000000,0.4616788,0.5086299999999999,0.3380282,0.44002300000000005
75600000000,75900000000,0.43534570000000006,0.5086299999999999,0.2790163,0.44002300000000005
75900000000,76200000000,0.44698299999999996,0.5086299999999999,0.2537682,0.44002300000000005
76200000000,76500000000,0.3922653,0.5086299999999999,0.24627030000000005,0.44002300000000005
76307000000,76312000000,0.02301,0.02563,0.061770000000000005,0.0575
76312000000,76324000000,0.002838,0.022141695060833334,0.0,0.04967411104166667
76324000000,76326000000,0.0,0.02563,0.0,0.0575
76340000000,76500000000,0.03375,0.02563,0.0067670000000000004,0.0575
76500000000,76800000000,0.42445599999999994,0.5086299999999999,0.2217472,0.44002300000000005
76800000000,77100000000,0.2800009,0.5086299999999999,0.2124953,0.44002300000000005
77100000000,77400000000,0.2393538,0.5086299999999999,0.21423720000000002,0.44002300000000005
77327000000,77330000000,0.1149,0.02563,0.05878,0.0575
77330000000,77346000000,0.001825,0.021866711858750002,0.0,0.0490571959375
77346000000,77347000000,0.0,0.0,0.0,0.0
77365000000,77400000000,0.027160000000000004,0.02249,0.005797999999999999,0.0575
77400000000,77700000000,0.22056659999999997,0.5054899999999999,0.19048530000000002,0.44002300000000005
77700000000,78000000000,0.2423392,0.5054899999999999,0.2093163,0.44002300000000005
78000000000,78300000000,0.22876030000000003,0.5054899999999999,0.2097153,0.44002300000000005
78270000000,78300000000,0.0,0.006248,0.0,0.01076
78300000000,78600000000,0.2588309999999999,0.5117379999999999,0.21096630000000002,0.45078300000000004
78408000000,78600000000,0.004539,0.006248,0.0038909999999999995,0.01076
78600000000,78900000000,0.2529723,0.5117379999999999,0.2183604,0.45078300000000004
78795000000,78813000000,0.00023940000000000002,0.005279433651555556,0.0,0.009091982408888888
78813000000,78814000000,0.0,0.0,0.0,0.0
78900000000,79200000000,0.2910621,0.5054899999999999,0.2137453,0.44002300000000005
79074000000,79125000000,0.0,0.03125,0.0,0.007767
79125000000,79200000000,0.005096,0.03125,0.0032159999999999997,0.007767
79200000000,79500000000,0.266502,0.5367399999999999,0.21922540000000001,0.4477900000000001
79293000000,79304000000,0.000268,0.02626052840909091,0.0,0.006526896772909091
79304000000,79306000000,0.0,0.0,0.0,0.0
79500000000,79800000000,0.4120669,0.5054899999999999,0.2394643,0.44002300000000005
79555000000,79800000000,0.03601,0.02563,0.01204,0.0575
79800000000,80100000000,0.45284500000000005,0.5311199999999999,0.2719674,0.49752300000000005
80100000000,80400000000,0.470728,0.5311199999999999,0.28425930000000005,0.49752300000000005
80400000000,80700000000,0.4926799,0.5311199999999999,0.3703923999999999,0.49752300000000005
80453000000,80456000000,0.02621,0.02563,0.058589999999999996,0.0575
80456000000,80471000000,0.002029,0.02164689637733333,0.00132,0.048564047666666665
80471000000,80474000000,0.0,0.02563,0.0,0.0575
80700000000,81000000000,0.47224320000000003,0.5054899999999999,0.3625593,0.44002300000000005
81000000000,81300000000,0.4717754,0.5054899999999999,0.34391239999999995,0.44002300000000005
81300000000,81600000000,0.4411745,0.5054899999999999,0.24104840000000005,0.44002300000000005
81600000000,81900000000,0.42605309999999996,0.5054899999999999,0.2422824,0.44002300000000005
81900000000,82200000000,0.4447338,0.5054899999999999,0.24402460000000004,0.44002300000000005
82200000000,82500000000,0.4396155,0.5054899999999999,0.24335039999999997,0.44002300000000005
82500000000,82800000000,0.43160540000000003,0.5054899999999999,0.24318240000000002,0.44002300000000005
82800000000,83100000000,0.45497000000000004,0.5054899999999999,0.2411725,0.44002300000000005
83100000000,83400000000,0.46362369999999997,0.5054899999999999,0.24183939999999998,0.44002300000000005
83400000000,83700000000,0.4689558,0.5054899999999999,0.3097495,0.44002300000000005
83700000000,84000000000,0.47234339999999997,0.5054899999999999,0.3567464000000001,0.44002300000000005
84000000000,84300000000,0.4718134,0.5054899999999999,0.3576295,0.44002300000000005
84300000000,84600000000,0.4580174,0.5054899999999999,0.2820724,0.44002300000000005
84600000000,84900000000,0.3450344,0.48299999999999993,0.15869050000000004,0.38252300000000006
84785000000,84803000000,0.0,0.02249,0.0,0.0575
84803000000,84900000000,0.001066,0.02249,0.0024219999999999997,0.0575
84900000000,85200000000,0.3387686,0.5054899999999999,0.15812750000000003,0.44002300000000005
85200000000,85500000000,0.30095269999999996,0.5054899999999999,0.17946950000000003,0.44002300000000005
85500000000,85800000000,0.3211502,0.5054899999999999,0.20422050000000003,0.44002300000000005
85800000000,86100000000,0.34976969999999996,0.5054899999999999,0.21171860000000003,0.44002300000000005
86100000000,86400000000,0.2921169,0.5054899999999999,0.21201550000000002,0.44002300000000005
